//-2,0,-2 2,0,-2 -2,0,2
//-2,0,2 2,0,-2 2,0,2
//0,2,-2 -2,2,2 2,2,2

// Teren
-100,-0.5,-100 -100,-0.5,100 100,-0.5,100 200,200,100 T1
100,-0.5,100 100,-0.5,-100 -100,-0.5,-100 100,200,200 T2

// Patrat
//-0.5,0.5,2 0.5,0.5,2 0.5,-0.5,2 125,0,125
//0.5,-0.5,2 -0.5,-0.5,2 -0.5,0.5,2 0,0,125

// Triunghi
//-0.5,0.5,2 0.0,0.5,4 0.5,0.5,2 255,0,0

//Piramida
//Fata 1
1.5,1,2 2,4,2.5 2.5,1,2 255,0,0 red
2.5,1,2 2,4,2.5 2.5,1,3 0,255,0 green
2.5,1,3 2,4,2.5 1.5,1,3 0,0,255 blue
1.5,1,2 2,4,2.5 1.5,1,3 125,125,125 gray

 
// Debug
//-0.44999999999999973,-1.4468911086754468,3.2060889132455355 0.019765185341674943,0.36923303166897287,1.0 0.5500000000000003,-1.4468911086754468,3.2060889132455355 255,100,0
//0.019765185341674943,0.36923303166897287,1.0 0.0802348146583256,0.36923303166897287,1.0 0.5500000000000003,-1.4468911086754468,3.2060889132455355 255,0,0

//0.5500000000000003,-0.5808657048910082,3.7060889132455355 0.07492687828046467,0.4329282682033043,1.0 -0.44999999999999973,-0.5808657048910082,3.7060889132455355 0,0,255
//0.07492687828046467,0.4329282682033043,1.0 0.025073121719535893,0.4329282682033043,1.0 -0.44999999999999973,-0.5808657048910082,3.7060889132455355 100,0,255


